[gd_scene load_steps=7 format=3 uid="uid://dr4gnsppsjp1r"]

[ext_resource type="Material" uid="uid://dmfhviqnmjiay" path="res://Assets/Materials/Steel.tres" id="1_53k0d"]
[ext_resource type="Script" uid="uid://cumh5fg82g820" path="res://Scripts/QuantRandRot.gd" id="2_jrxby"]
[ext_resource type="Shader" uid="uid://drs1nuk7bceud" path="res://Assets/Materials/Glass.gdshader" id="3_jyv7o"]
[ext_resource type="Material" uid="uid://cxe14t8x08v18" path="res://Assets/Materials/GlassFake.tres" id="4_jyv7o"]

[sub_resource type="ShaderMaterial" id="ShaderMaterial_jrxby"]
render_priority = 0
shader = ExtResource("3_jyv7o")
shader_parameter/albedo = Color(0.215686, 0.215686, 0.215686, 0.956863)
shader_parameter/roughness = 0.15
shader_parameter/normal_strength = 1.0
shader_parameter/edge_color = Color(0, 0, 0, 1)

[sub_resource type="ShaderMaterial" id="ShaderMaterial_jyv7o"]
render_priority = 0
shader = ExtResource("3_jyv7o")
shader_parameter/albedo = Color(0.215686, 0.215686, 0.215686, 0.956863)
shader_parameter/roughness = 0.15
shader_parameter/normal_strength = 1.0
shader_parameter/edge_color = Color(0, 0, 0, 1)

[node name="SkyboxStation" type="Node3D"]

[node name="Main2" type="CSGBox3D" parent="."]
transform = Transform3D(-4.37114e-08, 0, -1, 0, 1, 0, 1, 0, -4.37114e-08, 14, 1.05, -56)
material_override = ExtResource("1_53k0d")
size = Vector3(50, 12, 50)

[node name="mp_01" type="Node3D" parent="."]

[node name="LongHall" type="CSGBox3D" parent="mp_01"]
transform = Transform3D(-4.37114e-08, 0, -1, 0, 1, 0, 1, 0, -4.37114e-08, 14, 1.05, -14.4904)
material_override = ExtResource("1_53k0d")
size = Vector3(24.9808, 4, 4)

[node name="Wall11" type="CSGBox3D" parent="mp_01"]
transform = Transform3D(-4.37114e-08, 0, -1, 0, 1, 0, 1, 0, -4.37114e-08, 14, 1.05, 4.76837e-07)
material_override = ExtResource("1_53k0d")
size = Vector3(4, 4, 4)

[node name="BrokenRoom" type="CSGBox3D" parent="mp_01"]
transform = Transform3D(-1, 0, 8.74228e-08, 0, 1, 0, -8.74228e-08, 0, -1, 17, 1.05, -5.24537e-07)
material_override = ExtResource("1_53k0d")
size = Vector3(2, 4, 4)

[node name="BrokenPiece" type="CSGBox3D" parent="mp_01"]
transform = Transform3D(-0.994976, -0.0501112, 0.0866647, -0.0571339, 0.995112, -0.0805469, -0.0822048, -0.0850937, -0.992976, 25.4732, 1.19827, 0.258554)
material_override = ExtResource("1_53k0d")
size = Vector3(12, 4, 4)
script = ExtResource("2_jrxby")

[node name="VisibleOnScreenNotifier3D" type="VisibleOnScreenNotifier3D" parent="mp_01/BrokenPiece"]
transform = Transform3D(1, 0, 0, 0, 1, 0, 0, 0, 1, 0.00509979, -0.0306172, -6.98492e-09)
aabb = AABB(-6.01986, -2.12718, -2.04136, 12.0397, 4.25436, 4.08272)

[node name="StartRoom" type="CSGBox3D" parent="mp_01"]
transform = Transform3D(-1, 0, 8.74228e-08, 0, 1, 0, -8.74228e-08, 0, -1, 5, 1.05, 1.77636e-14)
material_override = ExtResource("1_53k0d")
size = Vector3(14, 4, 4)

[node name="Window" type="CSGBox3D" parent="mp_01"]
transform = Transform3D(1, 0, 0, 0, 1, 0, 0, 0, 1, 7, 1.275, -1.96309)
size = Vector3(8.259, 1.5, 0.09)
material = SubResource("ShaderMaterial_jrxby")

[node name="Window2" type="CSGBox3D" parent="mp_01"]
transform = Transform3D(1, 0, 0, 0, 1, 0, 0, 0, 1, 12.0334, 1.3, -14.5)
material_override = SubResource("ShaderMaterial_jyv7o")
size = Vector3(0.09, 2, 22)

[node name="Window3" type="CSGBox3D" parent="mp_01"]
transform = Transform3D(1, 0, 0, 0, 1, 0, 0, 0, 1, 15.9624, 1.3, -14.5)
material_override = ExtResource("4_jyv7o")
size = Vector3(0.09, 2, 22)

[node name="Airlock" type="CSGBox3D" parent="mp_01"]
transform = Transform3D(-4.37114e-08, 0, -1, 0, 1, 0, 1, 0, -4.37114e-08, 14, 1.05, -29)
material_override = ExtResource("1_53k0d")
size = Vector3(4, 4, 4)

[node name="mp_02" type="Node3D" parent="."]
transform = Transform3D(-4.37114e-08, 0, -1, 0, 1, 0, 1, 0, -4.37114e-08, -41.7349, 0, -70)

[node name="LongHall" type="CSGBox3D" parent="mp_02"]
transform = Transform3D(-4.37114e-08, 0, -1, 0, 1, 0, 1, 0, -4.37114e-08, 14, 1.05, -14.4904)
material_override = ExtResource("1_53k0d")
size = Vector3(24.9808, 4, 4)

[node name="Wall11" type="CSGBox3D" parent="mp_02"]
transform = Transform3D(-4.37114e-08, 0, -1, 0, 1, 0, 1, 0, -4.37114e-08, 14, 1.05, 4.76837e-07)
material_override = ExtResource("1_53k0d")
size = Vector3(4, 4, 4)

[node name="BrokenRoom" type="CSGBox3D" parent="mp_02"]
transform = Transform3D(-1, 0, 8.74228e-08, 0, 1, 0, -8.74228e-08, 0, -1, 17, 1.05, -5.24537e-07)
material_override = ExtResource("1_53k0d")
size = Vector3(2, 4, 4)

[node name="BrokenPiece" type="CSGBox3D" parent="mp_02"]
transform = Transform3D(-0.994976, -0.0501112, 0.0866647, -0.0571339, 0.995112, -0.0805469, -0.0822048, -0.0850937, -0.992976, 25.4732, 1.19827, 0.258554)
material_override = ExtResource("1_53k0d")
size = Vector3(12, 4, 4)
script = ExtResource("2_jrxby")

[node name="VisibleOnScreenNotifier3D" type="VisibleOnScreenNotifier3D" parent="mp_02/BrokenPiece"]
transform = Transform3D(1, 0, 0, 0, 1, 0, 0, 0, 1, 0.00509979, -0.0306172, -6.98492e-09)
aabb = AABB(-6.01986, -2.12718, -2.04136, 12.0397, 4.25436, 4.08272)

[node name="StartRoom" type="CSGBox3D" parent="mp_02"]
transform = Transform3D(-1, 0, 8.74228e-08, 0, 1, 0, -8.74228e-08, 0, -1, 5, 1.05, 1.77636e-14)
material_override = ExtResource("1_53k0d")
size = Vector3(14, 4, 4)

[node name="Window" type="CSGBox3D" parent="mp_02"]
transform = Transform3D(1, 0, 0, 0, 1, 0, 0, 0, 1, 7, 1.275, -1.96309)
size = Vector3(8.259, 1.5, 0.09)
material = SubResource("ShaderMaterial_jrxby")

[node name="Window2" type="CSGBox3D" parent="mp_02"]
transform = Transform3D(1, 0, 0, 0, 1, 0, 0, 0, 1, 12.0334, 1.3, -14.5)
material_override = SubResource("ShaderMaterial_jyv7o")
size = Vector3(0.09, 2, 22)

[node name="Window3" type="CSGBox3D" parent="mp_02"]
transform = Transform3D(1, 0, 0, 0, 1, 0, 0, 0, 1, 15.9624, 1.3, -14.5)
material_override = ExtResource("4_jyv7o")
size = Vector3(0.09, 2, 22)

[node name="Airlock" type="CSGBox3D" parent="mp_02"]
transform = Transform3D(-4.37114e-08, 0, -1, 0, 1, 0, 1, 0, -4.37114e-08, 14, 1.05, -29)
material_override = ExtResource("1_53k0d")
size = Vector3(4, 4, 4)

[node name="secondoffshoot" type="Node3D" parent="."]
transform = Transform3D(-4.37114e-08, 0, 1, 0, 1, 0, -1, 0, -4.37114e-08, 70, 0, -42)

[node name="BrokenPiece" type="Node3D" parent="secondoffshoot"]
transform = Transform3D(0.933013, -0.308469, -0.185295, 0.258819, 0.933013, -0.25, 0.25, 0.185295, 0.95035, 11, -4, -6.99998)
script = ExtResource("2_jrxby")
speed = Vector3(0, 0, 0.05)

[node name="LongHall" type="CSGBox3D" parent="secondoffshoot/BrokenPiece"]
transform = Transform3D(-4.36459e-08, -0.0370449, -0.999314, -0.0547411, 0.997815, -0.0369893, 0.998501, 0.0547035, -0.00202792, 0.00439835, 0.401615, -3.7187)
material_override = ExtResource("1_53k0d")
size = Vector3(24.9808, 4, 4)

[node name="Wall11" type="CSGBox3D" parent="secondoffshoot/BrokenPiece"]
transform = Transform3D(-4.36459e-08, -0.0370449, -0.999314, -0.0547411, 0.997815, -0.0369893, 0.998501, 0.0547035, -0.00202792, 0.00440216, -0.391603, 10.7499)
material_override = ExtResource("1_53k0d")
size = Vector3(4, 4, 4)

[node name="BrokenRoom" type="CSGBox3D" parent="secondoffshoot/BrokenPiece"]
transform = Transform3D(-0.999314, -0.0370449, 8.73273e-08, -0.0369893, 0.997815, 0.0547411, -0.00202796, 0.0547035, -0.998501, 8.99821, -0.0586996, 10.7682)
material_override = ExtResource("1_53k0d")
size = Vector3(14, 4, 4)

[node name="StartRoom" type="CSGBox3D" parent="secondoffshoot/BrokenPiece"]
transform = Transform3D(-0.999314, -0.0370449, 8.73273e-08, -0.0369893, 0.997815, 0.0547411, -0.00202796, 0.0547035, -0.998501, -8.98943, -0.724507, 10.7317)
material_override = ExtResource("1_53k0d")
size = Vector3(14, 4, 4)

[node name="Window" type="CSGBox3D" parent="secondoffshoot/BrokenPiece"]
transform = Transform3D(0.999314, -0.0370449, 3.55378e-11, 0.0369893, 0.997815, -0.0547411, 0.00202788, 0.0547035, 0.998501, -6.99913, -0.318558, 8.78789)
size = Vector3(8.259, 1.5, 0.09)
material = SubResource("ShaderMaterial_jrxby")

[node name="Window4" type="CSGBox3D" parent="secondoffshoot/BrokenPiece"]
transform = Transform3D(0.999314, -0.0370449, 3.55378e-11, 0.0369893, 0.997815, -0.0547411, 0.00202788, 0.0547035, 0.998501, 6.99125, 0.199292, 8.81628)
size = Vector3(8.259, 1.5, 0.09)
material = SubResource("ShaderMaterial_jrxby")

[node name="Window2" type="CSGBox3D" parent="secondoffshoot/BrokenPiece"]
transform = Transform3D(0.999314, -0.0370449, 3.55378e-11, 0.0369893, 0.997815, -0.0547411, 0.00202788, 0.0547035, 0.998501, -1.9701, 0.578853, -3.71861)
material_override = SubResource("ShaderMaterial_jyv7o")
size = Vector3(0.09, 2, 22)

[node name="Window3" type="CSGBox3D" parent="secondoffshoot/BrokenPiece"]
transform = Transform3D(0.999314, -0.0370449, 3.55378e-11, 0.0369893, 0.997815, -0.0547411, 0.00202788, 0.0547035, 0.998501, 1.95623, 0.724184, -3.71064)
material_override = ExtResource("4_jyv7o")
size = Vector3(0.09, 2, 22)

[node name="VisibleOnScreenNotifier3D" type="VisibleOnScreenNotifier3D" parent="secondoffshoot/BrokenPiece"]
transform = Transform3D(1, 0, 0, 0, 1, 0, 0, 0, 1, -0.0600042, 7.45058e-09, -1.97409)
aabb = AABB(-16.317, -2.39346, -14.9478, 32.634, 4.78692, 29.8955)

[node name="Airlock" type="CSGBox3D" parent="secondoffshoot"]
transform = Transform3D(-4.37114e-08, 0, -1, 0, 1, 0, 1, 0, -4.37114e-08, 14, 1.05, -29)
material_override = ExtResource("1_53k0d")
size = Vector3(4, 4, 4)

[node name="Main4" type="CSGBox3D" parent="."]
transform = Transform3D(-4.37114e-08, 0, -1, 0, 1, 0, 1, 0, -4.37114e-08, 14, 1.05, -56.0894)
material_override = ExtResource("1_53k0d")
size = Vector3(40, 24, 40)

[node name="Viewport5" type="CSGBox3D" parent="."]
transform = Transform3D(-1, 0, 8.74228e-08, 0, 1, 0, -8.74228e-08, 0, -1, 14.0625, -4.795, -82.4375)
use_collision = true
size = Vector3(19.75, 0.1, 3)
material = ExtResource("4_jyv7o")

[node name="Viewport" type="CSGBox3D" parent="."]
transform = Transform3D(-1, 0, 8.74228e-08, 0, 1, 0, -8.74228e-08, 0, -1, 14.063, 0.972139, -83.95)
use_collision = true
size = Vector3(19.75, 11.605, 0.1)
material = ExtResource("4_jyv7o")

[node name="Viewport2" type="CSGBox3D" parent="."]
transform = Transform3D(-1, 0, 8.74228e-08, 0, 1, 0, -8.74228e-08, 0, -1, 24.015, 0.967305, -82.472)
use_collision = true
size = Vector3(0.1, 11.4684, 3.05518)
material = ExtResource("4_jyv7o")

[node name="Viewport3" type="CSGBox3D" parent="."]
transform = Transform3D(-1, 0, 8.74228e-08, 0, 1, 0, -8.74228e-08, 0, -1, 4.14, 0.979878, -82.472)
use_collision = true
size = Vector3(0.1, 11.558, 3.05518)
material = ExtResource("4_jyv7o")

[node name="Viewport4" type="CSGBox3D" parent="."]
transform = Transform3D(-4.37114e-08, 0, -1, 0, 1, 0, 1, 0, -4.37114e-08, 14.0202, 6.65296, -82.5)
use_collision = true
size = Vector3(3, 0.5, 19.75)
material = ExtResource("4_jyv7o")
