[gd_scene load_steps=56 format=3 uid="uid://cj6eifrjmpcgu"]

[ext_resource type="Material" uid="uid://dmfhviqnmjiay" path="res://Assets/Materials/Steel.tres" id="1_fnd1q"]
[ext_resource type="Material" uid="uid://bel4griigla08" path="res://Assets/Materials/GrayDevTex.tres" id="2_xiisj"]
[ext_resource type="Texture2D" uid="uid://csqr5kdkue5t4" path="res://Assets/Textures/metalplate.jpg" id="3_hhi33"]
[ext_resource type="Shader" uid="uid://drs1nuk7bceud" path="res://Assets/Materials/Glass.gdshader" id="4_buotu"]
[ext_resource type="PackedScene" uid="uid://blaf5hsr7fi3w" path="res://Scenes/Decoration/Desk.tscn" id="5_og5ov"]
[ext_resource type="PackedScene" uid="uid://cgoq4v1247lw2" path="res://Scenes/PuzzleElements/GlassDoor.tscn" id="6_un0cc"]
[ext_resource type="Material" uid="uid://c16aii8xf5t6p" path="res://Assets/Materials/OfficeGlass.tres" id="7_vpjhu"]
[ext_resource type="Texture2D" uid="uid://f43kjr2ny2gg" path="res://Assets/Textures/FakeBeachThing.png" id="8_5lqgx"]
[ext_resource type="PackedScene" uid="uid://85bhe7spa2nd" path="res://Scenes/Decoration/BrokenFloor.tscn" id="9_nmr26"]
[ext_resource type="Material" uid="uid://segypnc7ytsf" path="res://Assets/Materials/Carpet.tres" id="10_lnxld"]
[ext_resource type="Script" uid="uid://xfhbgolj4j1d" path="res://Scripts/LockedDoor.gd" id="11_thxgu"]
[ext_resource type="Script" uid="uid://33i3pw4ekdiv" path="res://Scripts/Flicker.gd" id="12_2xlsu"]
[ext_resource type="PackedScene" uid="uid://cved14fdsuvgy" path="res://Scenes/WarningLight.tscn" id="13_2hw4v"]
[ext_resource type="PackedScene" uid="uid://dm3kk87b1gku3" path="res://Scenes/Decoration/DecoCube.tscn" id="14_kw1ou"]
[ext_resource type="Material" uid="uid://bgiqtp2xtsj7i" path="res://Assets/Materials/SteelQuant.tres" id="15_7d3r3"]
[ext_resource type="Script" uid="uid://btfhrc5sak3df" path="res://Scripts/QuantLoc.gd" id="16_llp10"]
[ext_resource type="PackedScene" uid="uid://bvqbdard4xqcy" path="res://Scenes/Decoration/Monitor.tscn" id="17_l80bo"]
[ext_resource type="PackedScene" uid="uid://c32623xiovm3v" path="res://Scenes/PuzzleElements/Door.tscn" id="18_l0nme"]
[ext_resource type="PackedScene" uid="uid://c71xmc47l5bwn" path="res://Scenes/PuzzleElements/AutoDoor.tscn" id="19_qxm7o"]
[ext_resource type="PackedScene" uid="uid://l2u5g0wf6g77" path="res://Scenes/PuzzleElements/Cube.tscn" id="20_go4y2"]
[ext_resource type="PackedScene" uid="uid://yblk1iood2a1" path="res://Scenes/PuzzleElements/Button.tscn" id="21_k37xs"]
[ext_resource type="Script" uid="uid://cheg3ddkw364t" path="res://Scripts/LevelEndTrigger.gd" id="22_y6iev"]
[ext_resource type="Script" uid="uid://cumh5fg82g820" path="res://Scripts/QuantRandRot.gd" id="23_c2vg3"]
[ext_resource type="Material" uid="uid://cxe14t8x08v18" path="res://Assets/Materials/GlassFake.tres" id="24_uwckk"]

[sub_resource type="StandardMaterial3D" id="StandardMaterial3D_11p23"]
albedo_texture = ExtResource("3_hhi33")
metallic = 1.0
roughness = 0.79
uv1_triplanar = true
texture_filter = 0

[sub_resource type="ShaderMaterial" id="ShaderMaterial_mgc1k"]
render_priority = 0
shader = ExtResource("4_buotu")
shader_parameter/albedo = Color(1, 1, 1, 0)
shader_parameter/roughness = 0.15
shader_parameter/normal_strength = 1.0
shader_parameter/edge_color = Color(0, 0, 0, 1)

[sub_resource type="ShaderMaterial" id="ShaderMaterial_bxoy1"]
render_priority = 0
shader = ExtResource("4_buotu")
shader_parameter/albedo = Color(0.672064, 0.672064, 0.672064, 0.419608)
shader_parameter/roughness = 0.15
shader_parameter/normal_strength = 1.0
shader_parameter/edge_color = Color(0, 0, 0, 1)

[sub_resource type="BoxMesh" id="BoxMesh_icwpk"]
size = Vector3(0.045, 2.07, 0.08)

[sub_resource type="StandardMaterial3D" id="StandardMaterial3D_xb135"]
albedo_texture = ExtResource("8_5lqgx")
uv1_scale = Vector3(0.33, 1, 1)
uv1_offset = Vector3(0.385, 0, 0)
texture_filter = 0

[sub_resource type="BoxShape3D" id="BoxShape3D_utjb7"]
size = Vector3(1, 1.75, 0.35)

[sub_resource type="StandardMaterial3D" id="StandardMaterial3D_bxoy1"]

[sub_resource type="BoxMesh" id="BoxMesh_utjb7"]
material = SubResource("StandardMaterial3D_bxoy1")
size = Vector3(1, 1.75, 0.03)

[sub_resource type="StandardMaterial3D" id="StandardMaterial3D_mgc1k"]

[sub_resource type="BoxMesh" id="BoxMesh_vk0cg"]
material = SubResource("StandardMaterial3D_mgc1k")
size = Vector3(1, 0.03, 0.35)

[sub_resource type="BoxShape3D" id="BoxShape3D_cwci0"]
size = Vector3(0.986328, 1.75, 0.35)

[sub_resource type="StandardMaterial3D" id="StandardMaterial3D_qwt04"]

[sub_resource type="BoxMesh" id="BoxMesh_cwci0"]
material = SubResource("StandardMaterial3D_qwt04")
size = Vector3(1, 1.75, 0.03)

[sub_resource type="StandardMaterial3D" id="StandardMaterial3D_docfe"]

[sub_resource type="BoxMesh" id="BoxMesh_xb135"]
material = SubResource("StandardMaterial3D_docfe")
size = Vector3(1, 0.03, 0.35)

[sub_resource type="BoxShape3D" id="BoxShape3D_ghcck"]
size = Vector3(1, 1.19971, 0.35)

[sub_resource type="BoxMesh" id="BoxMesh_lcnd1"]
material = SubResource("StandardMaterial3D_docfe")
size = Vector3(1, 0.03, 0.35)

[sub_resource type="BoxShape3D" id="BoxShape3D_b6u0u"]
size = Vector3(1.44629, 2.10254, 0.05)

[sub_resource type="ViewportTexture" id="ViewportTexture_fi4a4"]
viewport_path = NodePath("Environment/Cubes/Sprite3D/SubViewport")

[sub_resource type="BoxShape3D" id="BoxShape3D_lcnd1"]
size = Vector3(2.43445, 1.19971, 0.35)

[sub_resource type="BoxMesh" id="BoxMesh_2vgpe"]
material = SubResource("StandardMaterial3D_docfe")
size = Vector3(2.38, 0.03, 0.35)

[sub_resource type="ViewportTexture" id="ViewportTexture_yrw3h"]
viewport_path = NodePath("Environment/OfficeSign/Sprite3D/SubViewport")

[sub_resource type="LabelSettings" id="LabelSettings_yrw3h"]
font_size = 35

[sub_resource type="ViewportTexture" id="ViewportTexture_bxoy1"]
viewport_path = NodePath("Environment/TestingSign/Sprite3D/SubViewport")

[sub_resource type="LabelSettings" id="LabelSettings_mgc1k"]
font_size = 35

[sub_resource type="ViewportTexture" id="ViewportTexture_cwci0"]
viewport_path = NodePath("Environment/StorageSign/Sprite3D/SubViewport")

[sub_resource type="LabelSettings" id="LabelSettings_ghcck"]
line_spacing = -10.26
font_size = 24

[sub_resource type="BoxMesh" id="BoxMesh_27480"]
size = Vector3(1, 2, 0.075)

[sub_resource type="BoxShape3D" id="BoxShape3D_mgc1k"]
size = Vector3(4, 3, 2)

[sub_resource type="ShaderMaterial" id="ShaderMaterial_jrxby"]
render_priority = 0
shader = ExtResource("4_buotu")
shader_parameter/albedo = Color(0.215686, 0.215686, 0.215686, 0.956863)
shader_parameter/roughness = 0.15
shader_parameter/normal_strength = 1.0
shader_parameter/edge_color = Color(0, 0, 0, 1)

[sub_resource type="ShaderMaterial" id="ShaderMaterial_jyv7o"]
render_priority = 0
shader = ExtResource("4_buotu")
shader_parameter/albedo = Color(0.215686, 0.215686, 0.215686, 0.956863)
shader_parameter/roughness = 0.15
shader_parameter/normal_strength = 1.0
shader_parameter/edge_color = Color(0, 0, 0, 1)

[node name="Mp02" type="Node3D"]

[node name="SpawnPoint" type="Node3D" parent="."]
transform = Transform3D(1, 0, 0, 0, 1, 0, 0, 0, 1, -29.25, 0.5, -14)

[node name="Environment" type="Node3D" parent="."]
transform = Transform3D(-3.55271e-15, 0, 1, 0, 1, 0, -1, 0, -3.55271e-15, 0, 0, 0)

[node name="Airlock" type="Node3D" parent="Environment"]
transform = Transform3D(1, 0, 0, 0, 1, 0, 0, 0, 1, 14, 2.8, -29)

[node name="Floor" type="CSGBox3D" parent="Environment/Airlock"]
transform = Transform3D(1, 0, 0, 0, 1, 0, 0, 0, 1, 0, -3.25, 0)
material_override = ExtResource("1_fnd1q")
use_collision = true
size = Vector3(4, 1, 4)

[node name="Ceiling" type="CSGBox3D" parent="Environment/Airlock"]
material_override = ExtResource("1_fnd1q")
use_collision = true
size = Vector3(4, 0.5, 4)

[node name="Wall" type="CSGBox3D" parent="Environment/Airlock"]
transform = Transform3D(1, 0, 0, 0, 1, 0, 0, 0, 1, 1.95, -1.5, 0)
material_override = ExtResource("1_fnd1q")
use_collision = true
size = Vector3(0.1, 2.5, 4)

[node name="Wall2" type="CSGBox3D" parent="Environment/Airlock"]
transform = Transform3D(1, 0, 0, 0, 1, 0, 0, 0, 1, -1.95, -1.5, 0)
material_override = ExtResource("1_fnd1q")
use_collision = true
size = Vector3(0.1, 2.5, 4)

[node name="Frame" type="CSGBox3D" parent="Environment/Airlock"]
transform = Transform3D(-4.37114e-08, 0, 1, 0, 1, 0, -1, 0, -4.37114e-08, 1.4496, -1.75, 2.05)
material_override = ExtResource("1_fnd1q")
use_collision = true
size = Vector3(0.1, 2, 0.9)

[node name="Frame2" type="CSGBox3D" parent="Environment/Airlock"]
transform = Transform3D(-4.37114e-08, 0, 1, 0, 1, 0, -1, 0, -4.37114e-08, -1.4504, -1.75, 2.05)
material_override = ExtResource("1_fnd1q")
use_collision = true
size = Vector3(0.1, 2, 0.9)

[node name="Frame3" type="CSGBox3D" parent="Environment/Airlock"]
transform = Transform3D(-4.37114e-08, 0, 1, 0, 1, 0, -1, 0, -4.37114e-08, -0.00039959, -0.5, 2.05)
material_override = ExtResource("1_fnd1q")
use_collision = true
size = Vector3(0.1, 0.5, 3.8)

[node name="LongerHall" type="Node3D" parent="Environment"]
transform = Transform3D(1, 0, 0, 0, 1, 0, 0, 0, 1, 14, 2.8, -33)

[node name="Floor" type="CSGBox3D" parent="Environment/LongerHall"]
transform = Transform3D(0.995779, -0.0917797, -1.49948e-17, 0.0917797, 0.995779, 3.26067e-16, -1.49948e-17, -3.26067e-16, 1, -4.48766, -2.93312, 4.5222e-17)
material_override = ExtResource("2_xiisj")
use_collision = true
size = Vector3(3, 0.1, 4)

[node name="Floor4" type="CSGBox3D" parent="Environment/LongerHall"]
transform = Transform3D(0.931259, -0.364357, -1.49948e-17, 0.364357, 0.931259, 3.26067e-16, -1.04841e-16, -3.09116e-16, 1, -6.89731, -3.43194, 8.90294e-17)
material_override = ExtResource("2_xiisj")
use_collision = true
size = Vector3(2, 0.1, 4)

[node name="Floor5" type="CSGBox3D" parent="Environment/LongerHall"]
transform = Transform3D(0.69884, -0.715278, -1.49948e-17, 0.715278, 0.69884, 3.26067e-16, -2.22749e-16, -2.38594e-16, 1, -8.51031, -4.50303, 4.14088e-16)
material_override = ExtResource("2_xiisj")
use_collision = true
size = Vector3(2, 0.1, 4)

[node name="Floor3" type="CSGBox3D" parent="Environment/LongerHall"]
transform = Transform3D(1, 0, 0, 0, 1, 0, 0, 0, 1, 2.5, -2.795, 0)
material_override = ExtResource("2_xiisj")
use_collision = true
size = Vector3(11, 0.1, 4)

[node name="Floor8" type="CSGBox3D" parent="Environment/LongerHall"]
transform = Transform3D(1, 0, 0, 0, 1, 0, 0, 0, 1, 16.5, -2.795, 0)
material_override = ExtResource("2_xiisj")
use_collision = true
size = Vector3(17, 0.1, 4)

[node name="Floor10" type="CSGBox3D" parent="Environment/LongerHall"]
transform = Transform3D(1, 0, 0, 0, 1, 0, 0, 0, 1, 17.8351, -2.795, -4)
material_override = ExtResource("2_xiisj")
use_collision = true
size = Vector3(14.3298, 0.1, 4)

[node name="Floor6" type="CSGBox3D" parent="Environment/LongerHall"]
transform = Transform3D(0.996164, 0.0875035, -1.36275e-17, -0.0875035, 0.996164, -3.10874e-16, -1.36275e-17, 3.10874e-16, 1, -20.4899, -7.27374, 0)
material_override = ExtResource("2_xiisj")
use_collision = true
size = Vector3(7.5, 0.1, 3.8)

[node name="Wall7" type="CSGBox3D" parent="Environment/LongerHall"]
transform = Transform3D(0.64252, 0.766269, -1.27002e-15, -0.766269, 0.64252, -2.72233e-15, -1.27002e-15, 2.72233e-15, 1, -19.2838, -6.61471, 0)
material_override = ExtResource("2_xiisj")
use_collision = true
size = Vector3(4, 0.1, 3.8)

[node name="Wall8" type="CSGBox3D" parent="Environment/LongerHall"]
transform = Transform3D(-0.0875035, 0.996164, -3.86358e-15, -0.996164, -0.0875035, -3.53908e-15, -3.86358e-15, 3.53908e-15, 1, -20.0213, -1.12622, 0)
material_override = ExtResource("2_xiisj")
use_collision = true
size = Vector3(10, 0.1, 3.8)

[node name="Floor7" type="CSGBox3D" parent="Environment/LongerHall"]
transform = Transform3D(1, 0, 0, 0, 0.965926, 0.258819, 0, -0.258819, 0.965926, -13.75, -7.12073, 0.0507431)
material_override = ExtResource("2_xiisj")
use_collision = true
size = Vector3(7.5, 0.1, 3.8)

[node name="Floor2" type="CSGBox3D" parent="Environment/LongerHall"]
transform = Transform3D(1, 0, 0, 0, 1, 0, 0, 0, 1, 0, -7.7, -2)
use_collision = true
size = Vector3(50, 0.1, 8)
material = SubResource("StandardMaterial3D_11p23")

[node name="Frame" type="CSGBox3D" parent="Environment/LongerHall"]
transform = Transform3D(-4.37114e-08, 0, 1, 0, 1, 0, -1, 0, -4.37114e-08, 1.4496, -1.75, 1.95)
material_override = ExtResource("2_xiisj")
use_collision = true
size = Vector3(0.1, 2, 0.9)

[node name="Frame2" type="CSGBox3D" parent="Environment/LongerHall"]
transform = Transform3D(-4.37114e-08, 0, 1, 0, 1, 0, -1, 0, -4.37114e-08, -1.4504, -1.75, 1.95)
material_override = ExtResource("2_xiisj")
use_collision = true
size = Vector3(0.1, 2, 0.9)

[node name="Frame3" type="CSGBox3D" parent="Environment/LongerHall"]
transform = Transform3D(-4.37114e-08, 0, 1, 0, 1, 0, -1, 0, -4.37114e-08, -0.00039959, -0.5, 1.95)
material_override = ExtResource("2_xiisj")
use_collision = true
size = Vector3(0.1, 0.5, 3.8)

[node name="Frame7" type="CSGBox3D" parent="Environment/LongerHall"]
transform = Transform3D(-1, 0, -8.74228e-08, 0, 1, 0, 8.74228e-08, 0, -1, 7.9996, -1.75, -1.45047)
material_override = ExtResource("2_xiisj")
use_collision = true
size = Vector3(0.1, 2, 0.9)

[node name="Frame8" type="CSGBox3D" parent="Environment/LongerHall"]
transform = Transform3D(-1, 0, -8.74228e-08, 0, 1, 0, 8.74228e-08, 0, -1, 7.9996, -1.75, 1.44953)
material_override = ExtResource("2_xiisj")
use_collision = true
size = Vector3(0.1, 2, 0.9)

[node name="Frame9" type="CSGBox3D" parent="Environment/LongerHall"]
transform = Transform3D(-1, 0, -8.74228e-08, 0, 1, 0, 8.74228e-08, 0, -1, 7.9996, 1.5, -0.000465393)
material_override = ExtResource("2_xiisj")
use_collision = true
size = Vector3(0.1, 4.5, 3.8)

[node name="Frame4" type="CSGBox3D" parent="Environment/LongerHall"]
transform = Transform3D(0.0660051, -0.997742, -0.0124195, 0.965954, 0.0607719, 0.251477, -0.250154, -0.0285954, 0.967784, -11.6373, -6.50653, 1.73697)
material_override = ExtResource("2_xiisj")
use_collision = true
size = Vector3(0.1, 2, 0.9)

[node name="Frame5" type="CSGBox3D" parent="Environment/LongerHall"]
transform = Transform3D(0.0660051, -0.997742, -0.0124195, 0.965954, 0.0607719, 0.251477, -0.250154, -0.0285954, 0.967784, -11.6013, -7.23581, -1.06961)
material_override = ExtResource("2_xiisj")
use_collision = true
size = Vector3(0.1, 2, 0.9)

[node name="Frame6" type="CSGBox3D" parent="Environment/LongerHall"]
transform = Transform3D(0.0660051, -0.997742, -0.0124195, 0.965954, 0.0607719, 0.251477, -0.250154, -0.0285954, 0.967784, -12.8665, -6.79521, 0.297935)
material_override = ExtResource("2_xiisj")
use_collision = true
size = Vector3(0.1, 0.5, 3.8)

[node name="Ceiling" type="CSGBox3D" parent="Environment/LongerHall"]
transform = Transform3D(1, 0, 0, 0, 1, 0, 0, 0, 1, 0, 4, 0)
material_override = ExtResource("2_xiisj")
use_collision = true
size = Vector3(50, 0.5, 4)

[node name="Wall" type="CSGBox3D" parent="Environment/LongerHall"]
transform = Transform3D(-4.37114e-08, 0, -1, 0, 1, 0, 1, 0, -4.37114e-08, 23.15, -1.75, 1.95)
material_override = ExtResource("2_xiisj")
use_collision = true
size = Vector3(0.1, 2, 3.5)

[node name="Wall28" type="CSGBox3D" parent="Environment/LongerHall"]
transform = Transform3D(-4.37114e-08, 0, -1, 0, 1, 0, 1, 0, -4.37114e-08, 20.9, -1.75, 1.925)
material_override = ExtResource("2_xiisj")
use_collision = true
size = Vector3(0.05, 2, 1)

[node name="Wall29" type="CSGBox3D" parent="Environment/LongerHall"]
transform = Transform3D(-4.37114e-08, 0, -1, 0, 1, 0, 1, 0, -4.37114e-08, 20.9, -1.75, 1.975)
material_override = ExtResource("1_fnd1q")
use_collision = true
size = Vector3(0.05, 2, 1)

[node name="Wall14" type="CSGBox3D" parent="Environment/LongerHall"]
transform = Transform3D(-4.37114e-08, 0, -1, 0, 1, 0, 1, 0, -4.37114e-08, 4.9, -1.75, 1.95)
material_override = ExtResource("2_xiisj")
use_collision = true
size = Vector3(0.1, 2, 6)

[node name="Wall26" type="CSGBox3D" parent="Environment/LongerHall"]
transform = Transform3D(-4.37114e-08, 0, -1, 0, 1, 0, 1, 0, -4.37114e-08, 8.4, -1.75, 1.975)
material_override = ExtResource("1_fnd1q")
use_collision = true
size = Vector3(0.05, 2, 1)

[node name="Wall27" type="CSGBox3D" parent="Environment/LongerHall"]
transform = Transform3D(-4.37114e-08, 0, -1, 0, 1, 0, 1, 0, -4.37114e-08, 8.4, -1.75, 1.925)
material_override = ExtResource("2_xiisj")
use_collision = true
size = Vector3(0.05, 2, 1)

[node name="Wall13" type="CSGBox3D" parent="Environment/LongerHall"]
transform = Transform3D(-4.37114e-08, 0, -1, 0, 1, 0, 1, 0, -4.37114e-08, 14.65, -2.5, 1.925)
material_override = ExtResource("2_xiisj")
use_collision = true
size = Vector3(0.05, 0.5, 11.5)

[node name="Wall25" type="CSGBox3D" parent="Environment/LongerHall"]
transform = Transform3D(-4.37114e-08, 0, -1, 0, 1, 0, 1, 0, -4.37114e-08, 14.65, -2.5, 1.975)
material_override = ExtResource("1_fnd1q")
use_collision = true
size = Vector3(0.05, 0.5, 11.5)

[node name="Window" type="CSGPolygon3D" parent="Environment/LongerHall"]
transform = Transform3D(1, 0, -1.06581e-14, 0, 1, 0, 1.06581e-14, 0, 1, 16.775, -1.5, 1.95)
use_collision = true
polygon = PackedVector2Array(-3.5, -0.25, -3.5, 0.75, -2, 0.25)
depth = 0.05
material = SubResource("ShaderMaterial_mgc1k")

[node name="Window9" type="CSGPolygon3D" parent="Environment/LongerHall"]
transform = Transform3D(1, 0, -1.06581e-14, 0, 1, 0, 1.06581e-14, 0, 1, 16.775, -1.5, 1.95)
use_collision = true
polygon = PackedVector2Array(-3.5, -0.75, -3.5, -0.25, -2, 0.25, 3.75, -0.75)
depth = 0.05
material = SubResource("ShaderMaterial_mgc1k")

[node name="Window8" type="CSGPolygon3D" parent="Environment/LongerHall"]
transform = Transform3D(1, 0, -1.06581e-14, 0, 1, 0, 1.06581e-14, 0, 1, 16.775, -1.5, 1.95)
use_collision = true
polygon = PackedVector2Array(-2, 0.25, -3.5, 0.75, 3.75, 0.75, 3.75, -0.75)
depth = 0.05
material = SubResource("ShaderMaterial_mgc1k")

[node name="Window2" type="CSGPolygon3D" parent="Environment/LongerHall"]
transform = Transform3D(0.979638, 0.0259243, -0.199089, 0.0268032, 0.965865, 0.257657, 0.198973, -0.257747, 0.945503, 8.775, -2.19433, 2.23503)
use_collision = true
polygon = PackedVector2Array(0.75, 0.75, 0.25, 1.25, 0.5, 1.5, 2, 1.5, 1.61768, 1.11239, 1.7497, 0.632326, 1.5, 0.25)
depth = 0.05
material = SubResource("ShaderMaterial_bxoy1")

[node name="Window3" type="CSGPolygon3D" parent="Environment/LongerHall"]
transform = Transform3D(0.992895, 0, -0.118993, 0, 1, 0, 0.118993, 0, 0.992895, 8.775, -2.25, 1.95)
use_collision = true
polygon = PackedVector2Array(0, 0, 0, 1.5, 0.5, 1.25, 0.75, 0.75, 1.5, 0.25, 1.75, 0)
depth = 0.05
material = SubResource("ShaderMaterial_bxoy1")

[node name="Window4" type="CSGPolygon3D" parent="Environment/LongerHall"]
transform = Transform3D(0.980388, 3.37611e-16, 0.197076, -0.0187279, 0.995474, 0.0931655, -0.196184, -0.0950292, 0.975951, 8.89, -2.25, 2.975)
use_collision = true
polygon = PackedVector2Array(3.75, 0.75, 3.5, 0.75, 3, 0.75, 2.64642, 1.32118, 2.75, 1.5, 3.5, 1.25, 4.5, 1.5, 4.5, 0.75)
depth = 0.05
material = SubResource("ShaderMaterial_bxoy1")

[node name="Window7" type="CSGPolygon3D" parent="Environment/LongerHall"]
transform = Transform3D(1, 4.23549e-16, -1.06328e-14, 8.47098e-16, 0.992868, 0.119218, 1.06075e-14, -0.119218, 0.992868, 8.775, -2.235, 2.145)
use_collision = true
polygon = PackedVector2Array(2.75, 1.5, 3.5, 1.25, 4.5, 1.5)
depth = 0.05
material = SubResource("ShaderMaterial_bxoy1")

[node name="Window6" type="CSGPolygon3D" parent="Environment/LongerHall"]
transform = Transform3D(0.975657, 0.0477681, 0.214036, -1.5477e-15, 0.975989, -0.21782, -0.219301, 0.212517, 0.952231, 8.76, -2.25, 2.945)
use_collision = true
polygon = PackedVector2Array(3.75, 0.5, 3.74022, 0.213543, 3.25, 0, 2.81257, 0.213543, 2.59796, 0.788131, 2.64642, 1.32118, 3, 0.75, 3.5, 0.75, 4.5, 0.75, 4.5, 0)
depth = 0.05
material = SubResource("ShaderMaterial_bxoy1")

[node name="Window5" type="CSGPolygon3D" parent="Environment/LongerHall"]
transform = Transform3D(1, -1.74361e-15, -1.02008e-14, -3.48722e-15, 0.871282, -0.490782, 9.74354e-15, 0.490782, 0.871282, 8.775, -2.25, 1.95)
use_collision = true
polygon = PackedVector2Array(3.75, 0.5, 3.74022, 0.213543, 3.25, 0, 4.5, 0)
depth = 0.05
material = SubResource("ShaderMaterial_bxoy1")

[node name="Wall10" type="CSGBox3D" parent="Environment/LongerHall"]
transform = Transform3D(-4.37114e-08, 0, -1, 0, 1, 0, 1, 0, -4.37114e-08, 13.4, 1.875, 1.95)
material_override = ExtResource("2_xiisj")
use_collision = true
size = Vector3(0.1, 3.75, 23)

[node name="Wall21" type="CSGBox3D" parent="Environment/LongerHall"]
transform = Transform3D(-4.37114e-08, 0, -1, 0, 1, 0, 1, 0, -4.37114e-08, 22.775, -0.375, 1.95)
material_override = ExtResource("2_xiisj")
use_collision = true
size = Vector3(0.1, 0.75, 4.25)

[node name="Wall22" type="CSGBox3D" parent="Environment/LongerHall"]
transform = Transform3D(-4.37114e-08, 0, -1, 0, 1, 0, 1, 0, -4.37114e-08, 5.4, -0.375, 1.95)
material_override = ExtResource("2_xiisj")
use_collision = true
size = Vector3(0.1, 0.75, 7)

[node name="Wall23" type="CSGBox3D" parent="Environment/LongerHall"]
transform = Transform3D(-4.37114e-08, 0, -1, 0, 1, 0, 1, 0, -4.37114e-08, 14.775, -0.375, 1.975)
use_collision = true
size = Vector3(0.05, 0.75, 11.75)
material = ExtResource("1_fnd1q")

[node name="Wall24" type="CSGBox3D" parent="Environment/LongerHall"]
transform = Transform3D(-4.37114e-08, 0, -1, 0, 1, 0, 1, 0, -4.37114e-08, 14.775, -0.375, 1.925)
material_override = ExtResource("2_xiisj")
use_collision = true
size = Vector3(0.05, 0.75, 11.75)

[node name="Wall12" type="CSGBox3D" parent="Environment/LongerHall"]
transform = Transform3D(-1, 0, 8.74228e-08, 0, 1, 0, -8.74228e-08, 0, -1, 24.95, 0.5, 0)
material_override = ExtResource("2_xiisj")
use_collision = true
size = Vector3(0.1, 6.5, 4)

[node name="Wall15" type="CSGBox3D" parent="Environment/LongerHall"]
transform = Transform3D(-1, 0, 8.74228e-08, 0, 1, 0, -8.74228e-08, 0, -1, 21.5, 0.5, -1.95)
material_override = ExtResource("2_xiisj")
use_collision = true
size = Vector3(1, 6.5, 0.1)

[node name="Wall16" type="CSGBox3D" parent="Environment/LongerHall"]
transform = Transform3D(-1, 0, 8.74228e-08, 0, 1, 0, -8.74228e-08, 0, -1, 24.5, 0.5, -1.95)
material_override = ExtResource("2_xiisj")
use_collision = true
size = Vector3(1, 6.5, 0.1)

[node name="Wall17" type="CSGBox3D" parent="Environment/LongerHall"]
transform = Transform3D(-1, 0, 8.74228e-08, 0, 1, 0, -8.74228e-08, 0, -1, 23, 1.5, -1.95)
material_override = ExtResource("2_xiisj")
use_collision = true
size = Vector3(2, 4.5, 0.1)

[node name="Wall18" type="CSGBox3D" parent="Environment/LongerHall"]
transform = Transform3D(1.31134e-07, 0, 1, 0, 1, 0, -1, 0, 1.31134e-07, 21.2512, 0.5, -1.44875)
material_override = ExtResource("2_xiisj")
use_collision = true
size = Vector3(1, 6.5, 0.1)

[node name="Wall19" type="CSGBox3D" parent="Environment/LongerHall"]
transform = Transform3D(1.31134e-07, 0, 1, 0, 1, 0, -1, 0, 1.31134e-07, 21.2512, 0.5, 1.55125)
material_override = ExtResource("2_xiisj")
use_collision = true
size = Vector3(1, 6.5, 0.1)

[node name="Wall20" type="CSGBox3D" parent="Environment/LongerHall"]
transform = Transform3D(1.31134e-07, 0, 1, 0, 1, 0, -1, 0, 1.31134e-07, 21.2512, 1.5, 0.0512466)
material_override = ExtResource("2_xiisj")
use_collision = true
size = Vector3(2, 4.5, 0.1)

[node name="Wall11" type="CSGBox3D" parent="Environment/LongerHall"]
transform = Transform3D(-1, 0, 8.74228e-08, 0, 1, 0, -8.74228e-08, 0, -1, 24.95, -5.25, -2)
use_collision = true
size = Vector3(0.1, 5, 8)
material = ExtResource("1_fnd1q")

[node name="Wall2" type="CSGBox3D" parent="Environment/LongerHall"]
transform = Transform3D(-4.37114e-08, 0, -1, 0, 1, 0, 1, 0, -4.37114e-08, -13.4, 0.5, 1.95)
material_override = ExtResource("2_xiisj")
use_collision = true
size = Vector3(0.1, 6.5, 23)

[node name="Wall4" type="CSGBox3D" parent="Environment/LongerHall"]
transform = Transform3D(-4.37114e-08, 0, -1, 0, 1, 0, 1, 0, -4.37114e-08, 14.645, 1.5, -1.95)
material_override = ExtResource("2_xiisj")
use_collision = true
size = Vector3(0.1, 4.5, 12.75)

[node name="Wall9" type="CSGBox3D" parent="Environment/LongerHall"]
transform = Transform3D(-4.37114e-08, 0, -1, 0, 1, 0, 1, 0, -4.37114e-08, -6.48, 0.5, -1.95)
material_override = ExtResource("2_xiisj")
use_collision = true
size = Vector3(0.1, 6.5, 29.5)

[node name="Wall5" type="CSGBox3D" parent="Environment/LongerHall"]
transform = Transform3D(-4.37114e-08, 0, -1, 0, 1, 0, 1, 0, -4.37114e-08, -6.48, -5.19994, -1.95)
use_collision = true
size = Vector3(0.1, 4.90012, 29.5)
material = ExtResource("1_fnd1q")

[node name="Wall6" type="CSGBox3D" parent="Environment/LongerHall"]
transform = Transform3D(-4.37114e-08, 0, -1, 0, 1, 0, 1, 0, -4.37114e-08, 0.0200005, -5.2, 1.95)
use_collision = true
size = Vector3(0.1, 4.9, 49.8)
material = ExtResource("1_fnd1q")

[node name="Wall3" type="CSGBox3D" parent="Environment/LongerHall"]
transform = Transform3D(-4.37114e-08, 0, -1, 0, 1, 0, 1, 0, -4.37114e-08, -9.72748e-05, 1.75, 1.95)
material_override = ExtResource("2_xiisj")
use_collision = true
size = Vector3(0.1, 4, 3.7998)

[node name="Windowframe4" type="CSGBox3D" parent="Environment/LongerHall"]
transform = Transform3D(0.707107, -0.707107, 4.37114e-08, 0.707107, 0.707107, 0, -3.09086e-08, 3.09086e-08, 1, 20.2924, -2.17031, 1.925)
material_override = ExtResource("2_xiisj")
use_collision = true
size = Vector3(0.662598, 0.307129, 0.05)

[node name="Windowframe5" type="CSGBox3D" parent="Environment/LongerHall"]
transform = Transform3D(0.707107, 0.707107, 4.37114e-08, -0.707107, 0.707107, 0, -3.09086e-08, -3.09086e-08, 1, 20.2921, -0.87, 1.925)
material_override = ExtResource("2_xiisj")
use_collision = true
size = Vector3(0.662598, 0.307129, 0.05)

[node name="Windowframe6" type="CSGBox3D" parent="Environment/LongerHall"]
transform = Transform3D(-0.707107, 0.707107, -1.31134e-07, 0.707107, 0.707107, 0, 9.27258e-08, -9.27258e-08, -1, 8.99384, -2.17031, 1.925)
material_override = ExtResource("2_xiisj")
use_collision = true
size = Vector3(0.662598, 0.307129, 0.05)

[node name="Windowframe7" type="CSGBox3D" parent="Environment/LongerHall"]
transform = Transform3D(-0.707107, -0.707107, -1.31134e-07, -0.707107, 0.707107, 0, 9.27258e-08, 9.27258e-08, -1, 8.99415, -0.87, 1.925)
material_override = ExtResource("2_xiisj")
use_collision = true
size = Vector3(0.662598, 0.307129, 0.05)

[node name="Windowframe8" type="CSGBox3D" parent="Environment/LongerHall"]
transform = Transform3D(0.707107, -0.707107, 4.37114e-08, 0.707107, 0.707107, 0, -3.09086e-08, 3.09086e-08, 1, 20.2924, -2.17031, 1.975)
material_override = ExtResource("1_fnd1q")
use_collision = true
size = Vector3(0.662598, 0.307129, 0.05)

[node name="Windowframe9" type="CSGBox3D" parent="Environment/LongerHall"]
transform = Transform3D(0.707107, 0.707107, 4.37114e-08, -0.707107, 0.707107, 0, -3.09086e-08, -3.09086e-08, 1, 20.2921, -0.87, 1.975)
material_override = ExtResource("1_fnd1q")
use_collision = true
size = Vector3(0.662598, 0.307129, 0.05)

[node name="Windowframe10" type="CSGBox3D" parent="Environment/LongerHall"]
transform = Transform3D(-0.707107, 0.707107, -1.31134e-07, 0.707107, 0.707107, 0, 9.27258e-08, -9.27258e-08, -1, 8.99384, -2.17031, 1.975)
material_override = ExtResource("1_fnd1q")
use_collision = true
size = Vector3(0.662598, 0.307129, 0.05)

[node name="Windowframe11" type="CSGBox3D" parent="Environment/LongerHall"]
transform = Transform3D(-0.707107, -0.707107, -1.31134e-07, -0.707107, 0.707107, 0, 9.27258e-08, 9.27258e-08, -1, 8.99415, -0.87, 1.975)
material_override = ExtResource("1_fnd1q")
use_collision = true
size = Vector3(0.662598, 0.307129, 0.05)

[node name="Office01" type="Node3D" parent="Environment"]
transform = Transform3D(1, 0, 0, 0, 1, 0, 0, 0, 1, 23.5, 0, -36.5)

[node name="Desk" parent="Environment/Office01" instance=ExtResource("5_og5ov")]
transform = Transform3D(0.988011, -0.12969, 0.0837532, 0.091941, 0.0584793, -0.994046, 0.12402, 0.989829, 0.069702, 0.110277, -4.55129, 0.313347)

[node name="GlassDoor" parent="Environment/Office01" instance=ExtResource("6_un0cc")]
transform = Transform3D(1, 0, -1.31134e-07, 0, 1, 0, 1.31134e-07, 0, 1, 1.204, 1.025, 1.55)

[node name="Window" type="CSGBox3D" parent="Environment/Office01"]
transform = Transform3D(1, 0, 0, 0, 1, 0, 0, 0, 1, -0.522949, 1.05, 1.55)
use_collision = true
size = Vector3(1.4541, 2, 0.05)
material = ExtResource("7_vpjhu")

[node name="Frame" type="MeshInstance3D" parent="Environment/Office01"]
transform = Transform3D(-1, 0, 4.37114e-08, 0, 1, 0, -4.37114e-08, 0, -1, 1.204, 1.025, 1.55)
mesh = SubResource("BoxMesh_icwpk")

[node name="Frame2" type="MeshInstance3D" parent="Environment/Office01"]
transform = Transform3D(-1, 0, 4.37114e-08, 0, 1, 0, -4.37114e-08, 0, -1, 0.204, 1.025, 1.55)
mesh = SubResource("BoxMesh_icwpk")

[node name="Floor9" type="CSGBox3D" parent="Environment/Office01"]
transform = Transform3D(1, 0, 0, 0, 1, 0, 0, 0, 1, -1.279, -2.58, -0.5)
use_collision = true
size = Vector3(0.1, 4.75, 4)
material = ExtResource("1_fnd1q")

[node name="Floor10" type="CSGBox3D" parent="Environment/Office01"]
transform = Transform3D(1, 0, 0, 0, 1, 0, 0, 0, 1, -1.279, 1.17, -0.5)
material_override = ExtResource("2_xiisj")
use_collision = true
size = Vector3(0.1, 2.75, 4)

[node name="Floor11" type="CSGBox3D" parent="Environment/Office01"]
transform = Transform3D(1, 0, 0, 0, 1, 0, 0, 0, 1, -0.0212612, 1.06582, -2.45)
material_override = SubResource("StandardMaterial3D_xb135")
use_collision = true
size = Vector3(2.5, 2.13232, 0.1)

[node name="Floor12" type="CSGBox3D" parent="Environment/Office01"]
transform = Transform3D(1, 0, 0, 0, 1, 0, 0, 0, 1, 7.22874, -2.43394, -2.45)
use_collision = true
size = Vector3(17, 4.86816, 0.1)
material = ExtResource("1_fnd1q")

[node name="SpotLight3D" type="SpotLight3D" parent="Environment/Office01"]
transform = Transform3D(1, 3.55271e-15, 3.55271e-15, -3.55271e-15, -4.37114e-08, 1, 3.55271e-15, -1, -4.37114e-08, 0, 2.24062, -0.5)
light_color = Color(0.968627, 1, 1, 1)
shadow_normal_bias = 2.216
spot_range = 8.13374
spot_angle = 80.12

[node name="Bookshelf" type="StaticBody3D" parent="Environment/Office01"]
transform = Transform3D(-1.45536e-09, 0.99943, -0.0337482, 4.36872e-08, -0.0337482, -0.99943, -1, -2.92889e-09, -4.36132e-08, 0.039595, 0.192011, 0.597328)

[node name="CollisionShape3D" type="CollisionShape3D" parent="Environment/Office01/Bookshelf"]
transform = Transform3D(1, -1.0291e-08, 1.22868e-09, 1.0291e-08, 0.971891, -0.235431, 1.22868e-09, 0.235431, 0.971891, 0, -0.0214596, 0.152798)
shape = SubResource("BoxShape3D_utjb7")

[node name="MeshInstance3D" type="MeshInstance3D" parent="Environment/Office01/Bookshelf"]
transform = Transform3D(1, -1.0291e-08, 1.22868e-09, 1.0291e-08, 0.971891, -0.235431, 1.22868e-09, 0.235431, 0.971891, 0, 0.0162086, -0.00270486)
mesh = SubResource("BoxMesh_utjb7")

[node name="MeshInstance3D2" type="MeshInstance3D" parent="Environment/Office01/Bookshelf"]
transform = Transform3D(1, -1.0291e-08, 1.22868e-09, 1.0291e-08, 0.971891, -0.235431, 1.22868e-09, 0.235431, 0.971891, 0, -0.857286, -0.0496725)
mesh = SubResource("BoxMesh_vk0cg")

[node name="MeshInstance3D3" type="MeshInstance3D" parent="Environment/Office01/Bookshelf"]
transform = Transform3D(1, -1.0291e-08, 1.22868e-09, 1.0291e-08, 0.971891, -0.235431, 1.22868e-09, 0.235431, 0.971891, 0, -0.512266, 0.0339051)
mesh = SubResource("BoxMesh_vk0cg")

[node name="MeshInstance3D4" type="MeshInstance3D" parent="Environment/Office01/Bookshelf"]
transform = Transform3D(1, -4.36172e-08, 4.08426e-08, 4.36172e-08, 0.0656296, -0.997845, 4.08426e-08, 0.997845, 0.0656296, 0.0449028, -0.160332, 0.160152)
mesh = SubResource("BoxMesh_vk0cg")

[node name="MeshInstance3D5" type="MeshInstance3D" parent="Environment/Office01/Bookshelf"]
transform = Transform3D(0.999325, 0.000612795, -0.0367258, -0.0367105, -0.0166261, -0.999188, -0.0012229, 0.999862, -0.0165924, 0, 0.0815849, 0.185449)
mesh = SubResource("BoxMesh_vk0cg")

[node name="MeshInstance3D6" type="MeshInstance3D" parent="Environment/Office01/Bookshelf"]
transform = Transform3D(0.992113, -0.00899493, -0.125027, 0.125281, 0.104362, 0.986617, 0.00417355, -0.994499, 0.104666, 0, 0.674515, 0.195258)
mesh = SubResource("BoxMesh_vk0cg")

[node name="BrokenFloor" parent="Environment/Office01" instance=ExtResource("9_nmr26")]
transform = Transform3D(-1, 0, 4.37114e-08, 0, 1, 0, -4.37114e-08, 0, -1, 0.00399971, 0.005, -0.5)

[node name="Office02" type="Node3D" parent="Environment"]
transform = Transform3D(1, 0, 0, 0, 1, 0, 0, 0, 1, 26, 0, -36.5)

[node name="GlassDoor" parent="Environment/Office02" instance=ExtResource("6_un0cc")]
transform = Transform3D(1, 0, -1.31134e-07, 0, 1, 0, 1.31134e-07, 0, 1, 1.204, 1.025, 1.55)

[node name="Window" type="CSGBox3D" parent="Environment/Office02"]
transform = Transform3D(1, 0, 0, 0, 1, 0, 0, 0, 1, -0.522949, 1.05, 1.55)
use_collision = true
size = Vector3(1.4541, 2, 0.05)
material = ExtResource("7_vpjhu")

[node name="Frame" type="MeshInstance3D" parent="Environment/Office02"]
transform = Transform3D(-1, 0, 4.37114e-08, 0, 1, 0, -4.37114e-08, 0, -1, 1.204, 1.025, 1.55)
mesh = SubResource("BoxMesh_icwpk")

[node name="Frame2" type="MeshInstance3D" parent="Environment/Office02"]
transform = Transform3D(-1, 0, 4.37114e-08, 0, 1, 0, -4.37114e-08, 0, -1, 0.204, 1.025, 1.55)
mesh = SubResource("BoxMesh_icwpk")

[node name="Floor9" type="CSGBox3D" parent="Environment/Office02"]
transform = Transform3D(1, 0, 0, 0, 1, 0, 0, 0, 1, -1.279, -2.49992, -0.5)
use_collision = true
size = Vector3(0.1, 4.91016, 4)
material = ExtResource("1_fnd1q")

[node name="Floor15" type="CSGBox3D" parent="Environment/Office02"]
transform = Transform3D(1, 0, 0, 0, 1, 0, 0, 0, 1, 1.221, -2.49992, -0.5)
use_collision = true
size = Vector3(0.1, 4.91016, 4)
material = ExtResource("1_fnd1q")

[node name="Floor13" type="CSGBox3D" parent="Environment/Office02"]
transform = Transform3D(1, 0, 0, 0, 1, 0, 0, 0, 1, -1.279, 1.25203, 0.5)
material_override = ExtResource("2_xiisj")
use_collision = true
size = Vector3(0.1, 2.58594, 2)

[node name="Floor10" type="CSGBox3D" parent="Environment/Office02"]
transform = Transform3D(1, 0, 0, 0, 1, 0, 0, 0, 1, 1.221, 1.09099, -1.5)
material_override = ExtResource("2_xiisj")
use_collision = true
size = Vector3(0.1, 2.08197, 2)

[node name="Floor14" type="CSGBox3D" parent="Environment/Office02"]
transform = Transform3D(1, 0, 0, 0, 1, 0, 0, 0, 1, 1.221, 1.09099, 1.125)
material_override = ExtResource("2_xiisj")
use_collision = true
size = Vector3(0.1, 2.08197, 0.75)

[node name="Floor11" type="CSGBox3D" parent="Environment/Office02"]
transform = Transform3D(1, 0, 0, 0, 1, 0, 0, 0, 1, -0.0212612, 1.00699, -2.45)
material_override = ExtResource("2_xiisj")
use_collision = true
size = Vector3(2.5, 2.25, 0.1)

[node name="SpotLight3D" type="SpotLight3D" parent="Environment/Office02"]
transform = Transform3D(1, 3.55271e-15, 3.55271e-15, -3.55271e-15, -4.37114e-08, 1, 3.55271e-15, -1, -4.37114e-08, 0, 2.3224, -0.5)
light_color = Color(0.968627, 1, 1, 1)
light_energy = 0.2
spot_angle = 80.12

[node name="Bookshelf" type="StaticBody3D" parent="Environment/Office02"]
transform = Transform3D(-4.37114e-08, 0, 1, 0, 1, 0, -1, 0, -4.37114e-08, -1.06161, 0.93, 0.568958)

[node name="CollisionShape3D" type="CollisionShape3D" parent="Environment/Office02/Bookshelf"]
transform = Transform3D(1, 0, 0, 0, 1, 0, 0, 0, 1, 0, 0.025145, 0)
shape = SubResource("BoxShape3D_cwci0")

[node name="MeshInstance3D" type="MeshInstance3D" parent="Environment/Office02/Bookshelf"]
transform = Transform3D(1, 0, 0, 0, 1, 0, 0, 0, 1, 0, 0, -0.16)
mesh = SubResource("BoxMesh_cwci0")

[node name="MeshInstance3D2" type="MeshInstance3D" parent="Environment/Office02/Bookshelf"]
transform = Transform3D(1, 0, 0, 0, 1, 0, 0, 0, 1, 0, -0.86, 0)
mesh = SubResource("BoxMesh_xb135")

[node name="MeshInstance3D3" type="MeshInstance3D" parent="Environment/Office02/Bookshelf"]
transform = Transform3D(1, 0, 0, 0, 1, 0, 0, 0, 1, 0, -0.505, 0)
mesh = SubResource("BoxMesh_xb135")

[node name="MeshInstance3D4" type="MeshInstance3D" parent="Environment/Office02/Bookshelf"]
transform = Transform3D(1, 0, 0, 0, 1, 0, 0, 0, 1, 0, -0.155, 0)
mesh = SubResource("BoxMesh_xb135")

[node name="MeshInstance3D5" type="MeshInstance3D" parent="Environment/Office02/Bookshelf"]
transform = Transform3D(1, 0, 0, 0, 1, 0, 0, 0, 1, 0, 0.195, 0)
mesh = SubResource("BoxMesh_xb135")

[node name="MeshInstance3D6" type="MeshInstance3D" parent="Environment/Office02/Bookshelf"]
transform = Transform3D(1, 0, 0, 0, 1, 0, 0, 0, 1, 0, 0.545, 0)
mesh = SubResource("BoxMesh_xb135")

[node name="Floor12" type="CSGBox3D" parent="Environment/Office02"]
transform = Transform3D(1, 0, 0, 0, 1, 0, 0, 0, 1, -0.0328674, 0.0471721, -0.5)
material_override = ExtResource("10_lnxld")
use_collision = true
size = Vector3(2.32056, 0.0403992, 3.89673)

[node name="Office03" type="Node3D" parent="Environment"]
transform = Transform3D(1, 0, 0, 0, 1, 0, 0, 0, 1, 28.5, 0, -36.5)

[node name="GlassDoor" parent="Environment/Office03" instance=ExtResource("6_un0cc")]
transform = Transform3D(1, 0, -1.31134e-07, 0, 1, 0, 1.31134e-07, 0, 1, 1.204, 1.025, 1.55)
script = ExtResource("11_thxgu")

[node name="Frame" type="MeshInstance3D" parent="Environment/Office03"]
transform = Transform3D(-1, 0, 4.37114e-08, 0, 1, 0, -4.37114e-08, 0, -1, 1.204, 1.025, 1.55)
mesh = SubResource("BoxMesh_icwpk")

[node name="Frame2" type="MeshInstance3D" parent="Environment/Office03"]
transform = Transform3D(-1, 0, 4.37114e-08, 0, 1, 0, -4.37114e-08, 0, -1, 0.204, 1.025, 1.55)
mesh = SubResource("BoxMesh_icwpk")

[node name="Floor11" type="CSGBox3D" parent="Environment/Office03"]
transform = Transform3D(1, 0, 0, 0, 1, 0, 0, 0, 1, -0.0212612, 1.00699, -2.45)
material_override = ExtResource("2_xiisj")
use_collision = true
size = Vector3(2.5, 2.25, 0.1)

[node name="SpotLight3D" type="SpotLight3D" parent="Environment/Office03"]
transform = Transform3D(1, 3.55271e-15, 3.55271e-15, -3.55271e-15, -4.37114e-08, 1, 3.55271e-15, -1, -4.37114e-08, 0, 2.13017, -0.5)
light_color = Color(0.968627, 1, 1, 1)
spot_angle = 87.1596

[node name="Bookshelf" type="StaticBody3D" parent="Environment/Office03"]
transform = Transform3D(-0.261746, 0.499124, 0.826054, 0.961358, 0.0591669, 0.268868, 0.0853236, 0.864508, -0.495324, -0.535387, 0.574656, 1.84208)

[node name="CollisionShape3D" type="CollisionShape3D" parent="Environment/Office03/Bookshelf"]
transform = Transform3D(0.999997, -4.47035e-08, -1.2517e-06, -1.49012e-08, 1, 2.38419e-07, 1.17719e-06, -8.9407e-08, 0.999997, -0.00253369, 1.45748e-09, -4.11006e-08)
shape = SubResource("BoxShape3D_ghcck")

[node name="MeshInstance3D" type="MeshInstance3D" parent="Environment/Office03/Bookshelf"]
transform = Transform3D(1, 0, 0, 0, 1, 0, 0, 0, 1, 0, 0, -0.16)
mesh = SubResource("BoxMesh_cwci0")

[node name="MeshInstance3D2" type="MeshInstance3D" parent="Environment/Office03/Bookshelf"]
transform = Transform3D(1, 0, 0, 0, 1, 0, 0, 0, 1, 0, -0.86, 0)
mesh = SubResource("BoxMesh_lcnd1")

[node name="MeshInstance3D3" type="MeshInstance3D" parent="Environment/Office03/Bookshelf"]
transform = Transform3D(1, 0, 0, 0, 1, 0, 0, 0, 1, 0, -0.505, 0)
mesh = SubResource("BoxMesh_lcnd1")

[node name="MeshInstance3D4" type="MeshInstance3D" parent="Environment/Office03/Bookshelf"]
transform = Transform3D(1, 0, 0, 0, 1, 0, 0, 0, 1, 0, -0.155, 0)
mesh = SubResource("BoxMesh_lcnd1")

[node name="MeshInstance3D5" type="MeshInstance3D" parent="Environment/Office03/Bookshelf"]
transform = Transform3D(1, 0, 0, 0, 1, 0, 0, 0, 1, 0, 0.195, 0)
mesh = SubResource("BoxMesh_lcnd1")

[node name="MeshInstance3D6" type="MeshInstance3D" parent="Environment/Office03/Bookshelf"]
transform = Transform3D(1, 0, 0, 0, 1, 0, 0, 0, 1, 0, 0.545, 0)
mesh = SubResource("BoxMesh_lcnd1")

[node name="CollisionShape3D2" type="CollisionShape3D" parent="Environment/Office03/Bookshelf"]
