[gd_scene load_steps=11 format=3 uid="uid://cvwgsjaqa3fjm"]

[ext_resource type="PackedScene" uid="uid://c32623xiovm3v" path="res://Scenes/PuzzleElements/Door.tscn" id="1_16g0q"]
[ext_resource type="Material" uid="uid://bel4griigla08" path="res://Assets/Materials/GrayDevTex.tres" id="2_1168f"]
[ext_resource type="Material" uid="uid://dmfhviqnmjiay" path="res://Assets/Materials/Steel.tres" id="3_6scgs"]
[ext_resource type="Script" uid="uid://cumh5fg82g820" path="res://Scripts/QuantRandRot.gd" id="4_74123"]
[ext_resource type="Shader" uid="uid://drs1nuk7bceud" path="res://Assets/Materials/Glass.gdshader" id="5_6etve"]
[ext_resource type="Material" uid="uid://cxe14t8x08v18" path="res://Assets/Materials/GlassFake.tres" id="6_864ox"]
[ext_resource type="PackedScene" uid="uid://c71xmc47l5bwn" path="res://Scenes/PuzzleElements/AutoDoor.tscn" id="7_1168f"]

[sub_resource type="ShaderMaterial" id="ShaderMaterial_sek52"]
render_priority = 0
shader = ExtResource("5_6etve")
shader_parameter/albedo = Color(0.215686, 0.215686, 0.215686, 0.956863)
shader_parameter/roughness = 0.15
shader_parameter/normal_strength = 1.0
shader_parameter/edge_color = Color(0, 0, 0, 1)

[sub_resource type="ShaderMaterial" id="ShaderMaterial_00js0"]
render_priority = 0
shader = ExtResource("5_6etve")
shader_parameter/albedo = Color(0.215686, 0.215686, 0.215686, 0.956863)
shader_parameter/roughness = 0.15
shader_parameter/normal_strength = 1.0
shader_parameter/edge_color = Color(0, 0, 0, 1)

[sub_resource type="StandardMaterial3D" id="StandardMaterial3D_n15qg"]
albedo_color = Color(0, 0, 0, 1)

[node name="Mp04" type="Node3D"]

[node name="SpawnPoint" type="Node3D" parent="."]
transform = Transform3D(1, 0, 0, 0, 1, 0, 0, 0, 1, -33, 0.5, -37)

[node name="Environment" type="Node3D" parent="."]
transform = Transform3D(-3.55271e-15, 0, 1, 0, 1, 0, -1, 0, -3.55271e-15, 0, 0, 0)

[node name="LongerHall" type="Node3D" parent="Environment"]
transform = Transform3D(1, 0, 0, 0, 1, 0, 0, 0, 1, 14, 2.8, -33)

[node name="Floor9" type="CSGBox3D" parent="Environment/LongerHall"]
transform = Transform3D(-4.37114e-08, 0, -1, 0, 1, 0, 1, 0, -4.37114e-08, 23, -2.795, -43.3125)
material_override = ExtResource("2_1168f")
use_collision = true
size = Vector3(9.375, 0.1, 4)

[node name="Floor10" type="CSGBox3D" parent="Environment/LongerHall"]
transform = Transform3D(-1, 0, 8.74228e-08, 0, 1, 0, -8.74228e-08, 0, -1, 13.8125, -2.795, -45.9375)
material_override = ExtResource("2_1168f")
use_collision = true
size = Vector3(14.5, 0.1, 4)

[node name="Ceiling2" type="CSGBox3D" parent="Environment/LongerHall"]
transform = Transform3D(-4.37114e-08, 0, -1, 0, 1, 0, 1, 0, -4.37114e-08, 23, 4, -43.3125)
material_override = ExtResource("2_1168f")
use_collision = true
size = Vector3(9.375, 0.5, 4)

[node name="Ceiling3" type="CSGBox3D" parent="Environment/LongerHall"]
transform = Transform3D(-4.37114e-08, 0, -1, 0, 1, 0, 1, 0, -4.37114e-08, 13.875, 4, -45.9375)
material_override = ExtResource("2_1168f")
use_collision = true
size = Vector3(4.125, 0.5, 14.25)

[node name="Wall10" type="CSGBox3D" parent="Environment/LongerHall"]
transform = Transform3D(-1, 0, 8.74228e-08, 0, 1, 0, -8.74228e-08, 0, -1, 24.95, 0.5, -43.3125)
material_override = ExtResource("2_1168f")
use_collision = true
size = Vector3(0.1, 6.5, 9.375)

[node name="Wall11" type="CSGBox3D" parent="Environment/LongerHall"]
transform = Transform3D(-4.37114e-08, 0, -1, 0, 1, 0, 1, 0, -4.37114e-08, 15.825, 0.5, -47.95)
material_override = ExtResource("2_1168f")
use_collision = true
size = Vector3(0.1, 6.5, 18.25)

[node name="Wall12" type="CSGBox3D" parent="Environment/LongerHall"]
transform = Transform3D(-4.37114e-08, 0, -1, 0, 1, 0, 1, 0, -4.37114e-08, 13.8875, 0.5, -43.95)
material_override = ExtResource("2_1168f")
use_collision = true
size = Vector3(0.1, 6.5, 14.375)

[node name="Wall14" type="CSGBox3D" parent="Environment/LongerHall"]
transform = Transform3D(-1, 0, 8.74228e-08, 0, 1, 0, -8.74228e-08, 0, -1, 21.05, 0.5, -41.3375)
material_override = ExtResource("2_1168f")
use_collision = true
size = Vector3(0.1, 6.5, 5.375)

[node name="Wall24" type="CSGBox3D" parent="Environment/LongerHall"]
transform = Transform3D(-1.17225e-07, 0, -1, 0, 1, 0, 1, 0, -1.17225e-07, 21.05, 0.5, -44.5)
material_override = ExtResource("2_1168f")
use_collision = true
size = Vector3(1, 6.5, 0.1)

[node name="Wall25" type="CSGBox3D" parent="Environment/LongerHall"]
transform = Transform3D(-1.17225e-07, 0, -1, 0, 1, 0, 1, 0, -1.17225e-07, 21.05, 0.5, -47.5)
material_override = ExtResource("2_1168f")
use_collision = true
size = Vector3(1, 6.5, 0.1)

[node name="Wall26" type="CSGBox3D" parent="Environment/LongerHall"]
transform = Transform3D(-1.17225e-07, 0, -1, 0, 1, 0, 1, 0, -1.17225e-07, 21.05, 1.5, -46)
material_override = ExtResource("2_1168f")
use_collision = true
size = Vector3(2, 4.5, 0.1)

[node name="HallLight9" type="SpotLight3D" parent="Environment"]
transform = Transform3D(1, 0, 0, 0, -4.37114e-08, 1, 0, -1, -4.37114e-08, 37, 6.57287, -77.75)
light_energy = 0.319
shadow_enabled = true
shadow_normal_bias = 4.0
spot_range = 26.99
spot_angle = 83.92

[node name="HallLight11" type="SpotLight3D" parent="Environment"]
transform = Transform3D(1, 0, 0, 0, -4.37114e-08, 1, 0, -1, -4.37114e-08, 32, 6.57287, -79)
light_energy = 0.319
shadow_enabled = true
shadow_normal_bias = 4.0
spot_range = 26.99
spot_angle = 83.92

[node name="HallLight12" type="SpotLight3D" parent="Environment"]
transform = Transform3D(1, 0, 0, 0, -4.37114e-08, 1, 0, -1, -4.37114e-08, 27, 6.57287, -79)
light_energy = 0.319
shadow_enabled = true
shadow_normal_bias = 4.0
spot_range = 26.99
spot_angle = 83.92

[node name="HallLight13" type="SpotLight3D" parent="Environment"]
transform = Transform3D(1, 0, 0, 0, -4.37114e-08, 1, 0, -1, -4.37114e-08, 22, 6.57287, -79)
light_energy = 0.319
shadow_enabled = true
shadow_normal_bias = 4.0
spot_range = 26.99
spot_angle = 83.92

[node name="HallLight10" type="SpotLight3D" parent="Environment"]
transform = Transform3D(1, 0, 0, 0, -4.37114e-08, 1, 0, -1, -4.37114e-08, 37, 6.57287, -72.75)
light_energy = 0.319
shadow_enabled = true
shadow_normal_bias = 4.0
spot_range = 26.99
spot_angle = 83.92

[node name="Support19" type="CSGBox3D" parent="Environment"]
transform = Transform3D(-0.0239233, -0.0267949, -0.999354, -0.00104726, 0.999641, -0.0267775, 0.999713, 0.000405975, -0.0239428, 37.115, 4.68897, -75.0651)
use_collision = true
size = Vector3(0.25, 1, 4.5)
material = ExtResource("3_6scgs")

[node name="SkyboxStation" type="Node3D" parent="Environment"]
transform = Transform3D(1, 0, 4.37114e-08, 0, 1, 0, -4.37114e-08, 0, 1, 0, 0, 0)

[node name="mp_01" type="Node3D" parent="Environment/SkyboxStation"]

[node name="LongHall" type="CSGBox3D" parent="Environment/SkyboxStation/mp_01"]
transform = Transform3D(-4.37114e-08, 0, -1, 0, 1, 0, 1, 0, -4.37114e-08, 14, 1.05, -14.4904)
material_override = ExtResource("3_6scgs")
size = Vector3(24.9808, 4, 4)

[node name="Wall11" type="CSGBox3D" parent="Environment/SkyboxStation/mp_01"]
transform = Transform3D(-4.37114e-08, 0, -1, 0, 1, 0, 1, 0, -4.37114e-08, 14, 1.05, 4.76837e-07)
material_override = ExtResource("3_6scgs")
size = Vector3(4, 4, 4)

[node name="BrokenRoom" type="CSGBox3D" parent="Environment/SkyboxStation/mp_01"]
transform = Transform3D(-1, 0, 8.74228e-08, 0, 1, 0, -8.74228e-08, 0, -1, 17, 1.05, -5.24537e-07)
material_override = ExtResource("3_6scgs")
size = Vector3(2, 4, 4)

[node name="BrokenPiece" type="CSGBox3D" parent="Environment/SkyboxStation/mp_01"]
transform = Transform3D(-0.994976, -0.0501112, 0.0866647, -0.0571339, 0.995112, -0.0805469, -0.0822048, -0.0850937, -0.992976, 25.4732, 1.19827, 0.258554)
material_override = ExtResource("3_6scgs")
size = Vector3(12, 4, 4)
script = ExtResource("4_74123")

[node name="VisibleOnScreenNotifier3D" type="VisibleOnScreenNotifier3D" parent="Environment/SkyboxStation/mp_01/BrokenPiece"]
transform = Transform3D(1, 0, 0, 0, 1, 0, 0, 0, 1, 0.00509979, -0.0306172, -6.98492e-09)
aabb = AABB(-6.01986, -2.12718, -2.04136, 12.0397, 4.25436, 4.08272)

[node name="StartRoom" type="CSGBox3D" parent="Environment/SkyboxStation/mp_01"]
transform = Transform3D(-1, 0, 8.74228e-08, 0, 1, 0, -8.74228e-08, 0, -1, 5, 1.05, 1.77636e-14)
material_override = ExtResource("3_6scgs")
size = Vector3(14, 4, 4)

[node name="Window" type="CSGBox3D" parent="Environment/SkyboxStation/mp_01"]
transform = Transform3D(1, 0, 0, 0, 1, 0, 0, 0, 1, 7, 1.275, -1.96309)
size = Vector3(8.259, 1.5, 0.09)
material = SubResource("ShaderMaterial_sek52")

[node name="Window2" type="CSGBox3D" parent="Environment/SkyboxStation/mp_01"]
transform = Transform3D(1, 0, 0, 0, 1, 0, 0, 0, 1, 12.0334, 1.3, -14.5)
material_override = SubResource("ShaderMaterial_00js0")
size = Vector3(0.09, 2, 22)

[node name="Window3" type="CSGBox3D" parent="Environment/SkyboxStation/mp_01"]
transform = Transform3D(1, 0, 0, 0, 1, 0, 0, 0, 1, 15.9624, 1.3, -14.5)
material_override = ExtResource("6_864ox")
size = Vector3(0.09, 2, 22)

[node name="Airlock" type="CSGBox3D" parent="Environment/SkyboxStation/mp_01"]
transform = Transform3D(-4.37114e-08, 0, -1, 0, 1, 0, 1, 0, -4.37114e-08, 14, 1.05, -29)
material_override = ExtResource("3_6scgs")
size = Vector3(4, 4, 4)

[node name="secondoffshoot" type="Node3D" parent="Environment/SkyboxStation"]
transform = Transform3D(-4.37114e-08, 0, 1, 0, 1, 0, -1, 0, -4.37114e-08, 70, 0, -42)

[node name="BrokenPiece" type="Node3D" parent="Environment/SkyboxStation/secondoffshoot"]
transform = Transform3D(0.933013, -0.308469, -0.185295, 0.258819, 0.933013, -0.25, 0.25, 0.185295, 0.95035, 11, -4, -6.99998)
script = ExtResource("4_74123")
speed = Vector3(0, 0, 0.05)

[node name="LongHall" type="CSGBox3D" parent="Environment/SkyboxStation/secondoffshoot/BrokenPiece"]
transform = Transform3D(-4.36459e-08, -0.0370449, -0.999314, -0.0547411, 0.997815, -0.0369893, 0.998501, 0.0547035, -0.00202792, 0.00439835, 0.401615, -3.7187)
material_override = ExtResource("3_6scgs")
size = Vector3(24.9808, 4, 4)

[node name="LongHall2" type="CSGBox3D" parent="Environment/SkyboxStation/secondoffshoot/BrokenPiece"]
transform = Transform3D(1.3262e-06, -0.0370451, -0.999314, -0.0547413, 0.997815, -0.0369893, 0.998501, 0.0547034, -0.00202791, 0.00440212, 1.08416, -16.1685)
size = Vector3(0.0968456, 2.5, 3.625)
material = SubResource("StandardMaterial3D_n15qg")

[node name="Wall11" type="CSGBox3D" parent="Environment/SkyboxStation/secondoffshoot/BrokenPiece"]
transform = Transform3D(-4.36459e-08, -0.0370449, -0.999314, -0.0547411, 0.997815, -0.0369893, 0.998501, 0.0547035, -0.00202792, 0.00440216, -0.391603, 10.7499)
material_override = ExtResource("3_6scgs")
size = Vector3(4, 4, 4)

[node name="BrokenRoom" type="CSGBox3D" parent="Environment/SkyboxStation/secondoffshoot/BrokenPiece"]
transform = Transform3D(-0.999314, -0.0370449, 8.73273e-08, -0.0369893, 0.997815, 0.0547411, -0.00202796, 0.0547035, -0.998501, 8.99821, -0.0586996, 10.7682)
material_override = ExtResource("3_6scgs")
size = Vector3(14, 4, 4)

[node name="StartRoom" type="CSGBox3D" parent="Environment/SkyboxStation/secondoffshoot/BrokenPiece"]
transform = Transform3D(-0.999314, -0.0370449, 8.73273e-08, -0.0369893, 0.997815, 0.0547411, -0.00202796, 0.0547035, -0.998501, -8.98943, -0.724507, 10.7317)
material_override = ExtResource("3_6scgs")
size = Vector3(14, 4, 4)

[node name="Window" type="CSGBox3D" parent="Environment/SkyboxStation/secondoffshoot/BrokenPiece"]
transform = Transform3D(0.999314, -0.0370449, 3.55378e-11, 0.0369893, 0.997815, -0.0547411, 0.00202788, 0.0547035, 0.998501, -6.99913, -0.318558, 8.78789)
size = Vector3(8.259, 1.5, 0.09)
material = SubResource("ShaderMaterial_sek52")

[node name="Window4" type="CSGBox3D" parent="Environment/SkyboxStation/secondoffshoot/BrokenPiece"]
transform = Transform3D(0.999314, -0.0370449, 3.55378e-11, 0.0369893, 0.997815, -0.0547411, 0.00202788, 0.0547035, 0.998501, 6.99125, 0.199292, 8.81628)
size = Vector3(8.259, 1.5, 0.09)
material = SubResource("ShaderMaterial_sek52")

[node name="Window2" type="CSGBox3D" parent="Environment/SkyboxStation/secondoffshoot/BrokenPiece"]
transform = Transform3D(0.999314, -0.0370449, 3.55378e-11, 0.0369893, 0.997815, -0.0547411, 0.00202788, 0.0547035, 0.998501, -1.9701, 0.578853, -3.71861)
material_override = SubResource("ShaderMaterial_00js0")
size = Vector3(0.09, 2, 22)

[node name="Window3" type="CSGBox3D" parent="Environment/SkyboxStation/secondoffshoot/BrokenPiece"]
transform = Transform3D(0.999314, -0.0370449, 3.55378e-11, 0.0369893, 0.997815, -0.0547411, 0.00202788, 0.0547035, 0.998501, 1.95623, 0.724184, -3.71064)
material_override = ExtResource("6_864ox")
size = Vector3(0.09, 2, 22)

[node name="VisibleOnScreenNotifier3D" type="VisibleOnScreenNotifier3D" parent="Environment/SkyboxStation/secondoffshoot/BrokenPiece"]
transform = Transform3D(1, 0, 0, 0, 0.997858, -0.0654205, 0, 0.0654205, 0.997858, -0.0600042, -0.0123966, -1.785)
aabb = AABB(-15.1118, -1.72646, -14.3757, 30.2235, 3.45293, 28.7513)

[node name="Main4" type="CSGBox3D" parent="Environment/SkyboxStation"]
transform = Transform3D(-4.37114e-08, 0, -1, 0, 1, 0, 1, 0, -4.37114e-08, 14, 1.05, -56.0894)
material_override = ExtResource("3_6scgs")
size = Vector3(40, 24, 40)

[node name="Door" parent="Environment" instance=ExtResource("1_16g0q")]
transform = Transform3D(-1, 0, 8.74228e-08, 0, 1, 0, -8.74228e-08, 0, -1, 36.9999, 1.05, -71.8751)

[node name="Wall" type="CSGBox3D" parent="Environment"]
transform = Transform3D(1, 0, -1.74845e-07, 0, 1, 0, 1.74845e-07, 0, 1, 38.5, 3.3125, -71.8751)
material_override = ExtResource("2_1168f")
use_collision = true
size = Vector3(1, 6.625, 0.1)

[node name="Wall2" type="CSGBox3D" parent="Environment"]
transform = Transform3D(1, 0, -1.74845e-07, 0, 1, 0, 1.74845e-07, 0, 1, 35.5, 3.3125, -71.8751)
material_override = ExtResource("2_1168f")
use_collision = true
size = Vector3(1, 6.625, 0.1)

[node name="Wall3" type="CSGBox3D" parent="Environment"]
transform = Transform3D(1, 0, -1.74845e-07, 0, 1, 0, 1.74845e-07, 0, 1, 37, 4.3125, -71.8751)
material_override = ExtResource("2_1168f")
use_collision = true
size = Vector3(2, 4.625, 0.1)

[node name="Door3" parent="Environment" instance=ExtResource("1_16g0q")]
transform = Transform3D(7.35137e-08, 0, 1, 0, 1, 0, -1, 0, 7.35137e-08, 35.05, 1.05, -79)

[node name="Auto" parent="Environment/Door3" instance=ExtResource("7_1168f")]
